#Accelerometer
accelerometer_noise_density: 0.0010382453726199955 
accelerometer_random_walk: 4.132785219723178e-05 

#Gyroscope
gyroscope_noise_density: 0.00010272083263292572 
gyroscope_random_walk: 1.1106223553679963e-06 

rostopic: '/d455/imu' 
update_rate: 400 

