cam0:
  T_cam_imu:
  - [0.9999780364944367, 0.006526180302872907, -0.0011556380856707078, -0.02622375753377182]
  - [-0.006529742742060201, 0.9999738566588966, -0.003106196782991679, -0.004444607825314649]
  - [0.0011353362731680347, 0.003113674579423713, 0.999994508005999, -0.03042614317822441]
  - [0.0, 0.0, 0.0, 1.0]
  cam_overlaps: []
  camera_model: pinhole
  distortion_coeffs: [-0.048504294905933415, 0.034867235375424036, 0.00017396893513523017, -0.0002665773910715249]
  distortion_model: radtan
  intrinsics: [413.72633761633455, 412.0526032364699, 419.7451121530239, 239.06803350243075]
  resolution: [848, 480]
  rostopic: /d455/color/image_raw
  timeshift_cam_imu: 0.002569439422036284
